# Made in Blockbench 5.0.7
mtllib model.mtl

o Head
v 0.25 1.884341274561537 0.40593322685931144
v 0.25 2.0553513462243713 -0.06391308353364278
v 0.25 1.414494964168583 0.2349231551964771
v 0.25 1.585505035831417 -0.2349231551964771
v -0.25 2.0553513462243713 -0.06391308353364278
v -0.25 1.884341274561537 0.40593322685931144
v -0.25 1.585505035831417 -0.2349231551964771
v -0.25 1.414494964168583 0.2349231551964771
vt 0.125 0.875
vt 0.25 0.875
vt 0.25 0.75
vt 0.125 0.75
vt 0 0.875
vt 0.125 0.875
vt 0.125 0.75
vt 0 0.75
vt 0.375 0.875
vt 0.5 0.875
vt 0.5 0.75
vt 0.375 0.75
vt 0.25 0.875
vt 0.375 0.875
vt 0.375 0.75
vt 0.25 0.75
vt 0.25 0.875
vt 0.125 0.875
vt 0.125 1
vt 0.25 1
vt 0.375 1
vt 0.25 1
vt 0.25 0.875
vt 0.375 0.875
vn 0 0.34202014332566866 -0.9396926207859084
vn 1 0 0
vn 0 -0.34202014332566866 0.9396926207859084
vn -1 0 0
vn 0 0.9396926207859084 0.34202014332566866
vn 0 -0.9396926207859084 -0.34202014332566866
usemtl m_ee27c21f-fc23-74a4-9416-6d227d0c7f02
f 4/4/1 7/3/1 5/2/1 2/1/1
f 3/8/2 4/7/2 2/6/2 1/5/2
f 8/12/3 3/11/3 1/10/3 6/9/3
f 7/16/4 8/15/4 6/14/4 5/13/4
f 6/20/5 1/19/5 2/18/5 5/17/5
f 7/24/6 4/23/6 3/22/6 8/21/6
o Hat Layer
v 0.28125 1.9030185394821695 0.44598675073779825
v 0.28125 2.0954048701028585 -0.08259034845427526
v 0.28125 1.3744414402900962 0.2536004201171096
v 0.28125 1.5668277709107847 -0.2749766790749639
v -0.28125 2.0954048701028585 -0.08259034845427526
v -0.28125 1.9030185394821695 0.44598675073779825
v -0.28125 1.5668277709107847 -0.2749766790749639
v -0.28125 1.3744414402900962 0.2536004201171096
vt 0.625 0.875
vt 0.75 0.875
vt 0.75 0.75
vt 0.625 0.75
vt 0.5 0.875
vt 0.625 0.875
vt 0.625 0.75
vt 0.5 0.75
vt 0.875 0.875
vt 1 0.875
vt 1 0.75
vt 0.875 0.75
vt 0.75 0.875
vt 0.875 0.875
vt 0.875 0.75
vt 0.75 0.75
vt 0.75 0.875
vt 0.625 0.875
vt 0.625 1
vt 0.75 1
vt 0.875 1
vt 0.75 1
vt 0.75 0.875
vt 0.875 0.875
vn 0 0.34202014332566866 -0.9396926207859084
vn 1 0 0
vn 0 -0.34202014332566866 0.9396926207859084
vn -1 0 0
vn 0 0.9396926207859084 0.34202014332566866
vn 0 -0.9396926207859084 -0.34202014332566866
usemtl m_ee27c21f-fc23-74a4-9416-6d227d0c7f02
f 12/28/7 15/27/7 13/26/7 10/25/7
f 11/32/8 12/31/8 10/30/8 9/29/8
f 16/36/9 11/35/9 9/34/9 14/33/9
f 15/40/10 16/39/10 14/38/10 13/37/10
f 14/44/11 9/43/11 10/42/11 13/41/11
f 15/48/12 12/47/12 11/46/12 16/45/12
o Body
v 0.25 1.5 0.125
v 0.25 1.5 -0.125
v 0.25 0.75 0.125
v 0.25 0.75 -0.125
v -0.25 1.5 -0.125
v -0.25 1.5 0.125
v -0.25 0.75 -0.125
v -0.25 0.75 0.125
vt 0.3125 0.6875
vt 0.4375 0.6875
vt 0.4375 0.5
vt 0.3125 0.5
vt 0.25 0.6875
vt 0.3125 0.6875
vt 0.3125 0.5
vt 0.25 0.5
vt 0.5 0.6875
vt 0.625 0.6875
vt 0.625 0.5
vt 0.5 0.5
vt 0.4375 0.6875
vt 0.5 0.6875
vt 0.5 0.5
vt 0.4375 0.5
vt 0.4375 0.6875
vt 0.3125 0.6875
vt 0.3125 0.75
vt 0.4375 0.75
vt 0.5625 0.75
vt 0.4375 0.75
vt 0.4375 0.6875
vt 0.5625 0.6875
vn 0 0 -1
vn 1 0 0
vn 0 0 1
vn -1 0 0
vn 0 1 0
vn 0 -1 0
usemtl m_ee27c21f-fc23-74a4-9416-6d227d0c7f02
f 20/52/13 23/51/13 21/50/13 18/49/13
f 19/56/14 20/55/14 18/54/14 17/53/14
f 24/60/15 19/59/15 17/58/15 22/57/15
f 23/64/16 24/63/16 22/62/16 21/61/16
f 22/68/17 17/67/17 18/66/17 21/65/17
f 23/72/18 20/71/18 19/70/18 24/69/18
o Body Layer
v 0.265625 1.515625 0.140625
v 0.265625 1.515625 -0.140625
v 0.265625 0.734375 0.140625
v 0.265625 0.734375 -0.140625
v -0.265625 1.515625 -0.140625
v -0.265625 1.515625 0.140625
v -0.265625 0.734375 -0.140625
v -0.265625 0.734375 0.140625
vt 0.3125 0.4375
vt 0.4375 0.4375
vt 0.4375 0.25
vt 0.3125 0.25
vt 0.25 0.4375
vt 0.3125 0.4375
vt 0.3125 0.25
vt 0.25 0.25
vt 0.5 0.4375
vt 0.625 0.4375
vt 0.625 0.25
vt 0.5 0.25
vt 0.4375 0.4375
vt 0.5 0.4375
vt 0.5 0.25
vt 0.4375 0.25
vt 0.4375 0.4375
vt 0.3125 0.4375
vt 0.3125 0.5
vt 0.4375 0.5
vt 0.5625 0.5
vt 0.4375 0.5
vt 0.4375 0.4375
vt 0.5625 0.4375
vn 0 0 -1
vn 1 0 0
vn 0 0 1
vn -1 0 0
vn 0 1 0
vn 0 -1 0
usemtl m_ee27c21f-fc23-74a4-9416-6d227d0c7f02
f 28/76/19 31/75/19 29/74/19 26/73/19
f 27/80/20 28/79/20 26/78/20 25/77/20
f 32/84/21 27/83/21 25/82/21 30/81/21
f 31/88/22 32/87/22 30/86/22 29/85/22
f 30/92/23 25/91/23 26/90/23 29/89/23
f 31/96/24 28/95/24 27/94/24 32/93/24
o Right Arm
v 0.3910978733738134 1.31922033229132 -0.1354188051049255
v 0.3836456184672611 1.2987454302115478 0.11362986941801094
v 0.6466368634400209 2.021307937288465 -0.07005199804418187
v 0.6391846085334687 2.000833035208692 0.17899667647875458
v 0.20745325206990328 1.3628742070851108 0.11362986941801094
v 0.2149055069764556 1.383349109164883 -0.1354188051049255
v 0.46299224213611084 2.064961812082255 0.17899667647875458
v 0.47044449704266317 2.0854367141620274 -0.07005199804418187
vt 0.6875 0.6875
vt 0.734375 0.6875
vt 0.734375 0.5
vt 0.6875 0.5
vt 0.625 0.6875
vt 0.6875 0.6875
vt 0.6875 0.5
vt 0.625 0.5
vt 0.796875 0.6875
vt 0.84375 0.6875
vt 0.84375 0.5
vt 0.796875 0.5
vt 0.734375 0.6875
vt 0.796875 0.6875
vt 0.796875 0.5
vt 0.734375 0.5
vt 0.734375 0.6875
vt 0.6875 0.6875
vt 0.6875 0.75
vt 0.734375 0.75
vt 0.78125 0.75
vt 0.734375 0.75
vt 0.734375 0.6875
vt 0.78125 0.6875
vn -0.02980901962620916 -0.08189960831908934 0.9961946980917455
vn 0.9396926207859085 -0.34202014332566866 3.4694469519536134e-18
vn 0.02980901962620916 0.08189960831908934 -0.9961946980917455
vn -0.9396926207859085 0.34202014332566866 -3.4694469519536134e-18
vn -0.3407186534216102 -0.9361168066628593 -0.0871557427476582
vn 0.3407186534216102 0.9361168066628593 0.0871557427476582
usemtl m_ee27c21f-fc23-74a4-9416-6d227d0c7f02
f 36/100/25 39/99/25 37/98/25 34/97/25
f 35/104/26 36/103/26 34/102/26 33/101/26
f 40/108/27 35/107/27 33/106/27 38/105/27
f 39/112/28 40/111/28 38/110/28 37/109/28
f 38/116/29 33/115/29 34/114/29 37/113/29
f 39/120/30 36/119/30 35/118/30 40/117/30
o Right Arm Layer
v 0.4009226075455401 1.300529123827735 -0.15234615574304117
v 0.3925388207756687 1.277494858987991 0.12783360309526232
v 0.667109055531173 2.0318703790330943 -0.08425573172143323
v 0.6587252687613017 2.0088361141933504 0.19592402711687026
v 0.1869810599787513 1.3523117653404813 0.12783360309526232
v 0.1953648467486226 1.3753460301802252 -0.15234615574304117
v 0.45316750796438415 2.08365302054584 0.19592402711687026
v 0.4615512947342555 2.106687285385584 -0.08425573172143323
vt 0.6875 0.4375
vt 0.734375 0.4375
vt 0.734375 0.25
vt 0.6875 0.25
vt 0.625 0.4375
vt 0.6875 0.4375
vt 0.6875 0.25
vt 0.625 0.25
vt 0.796875 0.4375
vt 0.84375 0.4375
vt 0.84375 0.25
vt 0.796875 0.25
vt 0.734375 0.4375
vt 0.796875 0.4375
vt 0.796875 0.25
vt 0.734375 0.25
vt 0.734375 0.4375
vt 0.6875 0.4375
vt 0.6875 0.5
vt 0.734375 0.5
vt 0.78125 0.5
vt 0.734375 0.5
vt 0.734375 0.4375
vt 0.78125 0.4375
vn -0.02980901962620916 -0.08189960831908934 0.9961946980917455
vn 0.9396926207859085 -0.34202014332566866 3.4694469519536134e-18
vn 0.02980901962620916 0.08189960831908934 -0.9961946980917455
vn -0.9396926207859085 0.34202014332566866 -3.4694469519536134e-18
vn -0.3407186534216102 -0.9361168066628593 -0.0871557427476582
vn 0.3407186534216102 0.9361168066628593 0.0871557427476582
usemtl m_ee27c21f-fc23-74a4-9416-6d227d0c7f02
f 44/124/31 47/123/31 45/122/31 42/121/31
f 43/128/32 44/127/32 42/126/32 41/125/32
f 48/132/33 43/131/33 41/130/33 46/129/33
f 47/136/34 48/135/34 46/134/34 45/133/34
f 46/140/35 41/139/35 42/138/35 45/137/35
f 47/144/36 44/143/36 43/142/36 48/141/36
o Left Arm
v -0.22588669251735438 1.3869861924354479 -0.1448069913348923
v -0.21465082863546742 1.3450533775613178 0.10139494691815962
v -0.4170519442004884 2.1004246243585962 -0.014570858084694244
v -0.4058160803186015 2.0584918094844658 0.23163108016835765
v -0.3957619210646677 1.2965248066045951 0.10139494691815962
v -0.4069977849465547 1.3384576214787252 -0.1448069913348923
v -0.5869271727478018 2.0099632385277433 0.23163108016835765
v -0.5981630366296887 2.0518960534018733 -0.014570858084694244
vt 0.5625 0.1875
vt 0.609375 0.1875
vt 0.609375 0
vt 0.5625 0
vt 0.5 0.1875
vt 0.5625 0.1875
vt 0.5625 0
vt 0.5 0
vt 0.671875 0.1875
vt 0.71875 0.1875
vt 0.71875 0
vt 0.671875 0
vt 0.609375 0.1875
vt 0.671875 0.1875
vt 0.671875 0
vt 0.609375 0
vt 0.609375 0.1875
vt 0.5625 0.1875
vt 0.5625 0.25
vt 0.609375 0.25
vt 0.65625 0.25
vt 0.609375 0.25
vt 0.609375 0.1875
vt 0.65625 0.1875
vn 0.044943455527547874 -0.167731259496521 0.984807753012208
vn 0.9659258262890682 0.2588190451025208 6.938893903907231e-18
vn -0.044943455527547874 0.167731259496521 -0.984807753012208
vn -0.9659258262890682 -0.2588190451025208 -6.938893903907231e-18
vn 0.2548870022441787 -0.9512512425641977 -0.17364817766693075
vn -0.2548870022441787 0.9512512425641977 0.17364817766693075
usemtl m_ee27c21f-fc23-74a4-9416-6d227d0c7f02
f 52/148/37 55/147/37 53/146/37 50/145/37
f 51/152/38 52/151/38 50/150/38 49/149/38
f 56/156/39 51/155/39 49/154/39 54/153/39
f 55/160/40 56/159/40 54/158/40 53/157/40
f 54/164/41 49/163/41 50/162/41 53/161/41
f 55/168/42 52/167/42 51/166/42 56/165/42
o Left Arm Layer
v -0.20751373356414035 1.3787877402797426 -0.16290786525175385
v -0.1948733866970175 1.3316133235463459 0.11406931528292957
v -0.406644204067405 2.1219527735330215 -0.02724522644946417
v -0.39400385720028214 2.074778356799625 0.2497319540852192
v -0.4061696611977512 1.2749966574301694 0.11406931528292957
v -0.418810008064874 1.3221710741635662 -0.16290786525175385
v -0.6053001317010158 2.0181616906834488 0.2497319540852192
v -0.6179404785681386 2.0653361074168455 -0.02724522644946417
vt 0.8125 0.1875
vt 0.859375 0.1875
vt 0.859375 0
vt 0.8125 0
vt 0.75 0.1875
vt 0.8125 0.1875
vt 0.8125 0
vt 0.75 0
vt 0.921875 0.1875
vt 0.96875 0.1875
vt 0.96875 0
vt 0.921875 0
vt 0.859375 0.1875
vt 0.921875 0.1875
vt 0.921875 0
vt 0.859375 0
vt 0.859375 0.1875
vt 0.8125 0.1875
vt 0.8125 0.25
vt 0.859375 0.25
vt 0.90625 0.25
vt 0.859375 0.25
vt 0.859375 0.1875
vt 0.90625 0.1875
vn 0.044943455527547874 -0.167731259496521 0.984807753012208
vn 0.9659258262890682 0.2588190451025208 6.938893903907231e-18
vn -0.044943455527547874 0.167731259496521 -0.984807753012208
vn -0.9659258262890682 -0.2588190451025208 -6.938893903907231e-18
vn 0.2548870022441787 -0.9512512425641977 -0.17364817766693075
vn -0.2548870022441787 0.9512512425641977 0.17364817766693075
usemtl m_ee27c21f-fc23-74a4-9416-6d227d0c7f02
f 60/172/43 63/171/43 61/170/43 58/169/43
f 59/176/44 60/175/44 58/174/44 57/173/44
f 64/180/45 59/179/45 57/178/45 62/177/45
f 63/184/46 64/183/46 62/182/46 61/181/46
f 62/188/47 57/187/47 58/186/47 61/185/47
f 63/192/48 60/191/48 59/190/48 64/189/48
o Right Leg
v 0.2366710325219898 0.7303756284914863 0.1245243372614682
v 0.24231042405027725 0.7093291327841439 -0.1245243372614682
v 0.4300466528942144 0.008687988317192447 0.18989114432221182
v 0.43568604442250186 -0.012358507390149848 -0.05915753020072456
v 0.000828967478010173 0.6446243715085137 -0.1245243372614682
v -0.00481042405027729 0.6656708672158561 0.1245243372614682
v 0.19420458785023478 -0.07706326866578003 -0.05915753020072456
v 0.18856519632194735 -0.05601677295843774 0.18989114432221182
vt 0.0625 0.6875
vt 0.125 0.6875
vt 0.125 0.5
vt 0.0625 0.5
vt 0 0.6875
vt 0.0625 0.6875
vt 0.0625 0.5
vt 0 0.5
vt 0.1875 0.6875
vt 0.25 0.6875
vt 0.25 0.5
vt 0.1875 0.5
vt 0.125 0.6875
vt 0.1875 0.6875
vt 0.1875 0.5
vt 0.125 0.5
vt 0.125 0.6875
vt 0.0625 0.6875
vt 0.0625 0.75
vt 0.125 0.75
vt 0.1875 0.75
vt 0.125 0.75
vt 0.125 0.6875
vt 0.1875 0.6875
vn 0.022557566113149838 -0.0841859828293692 -0.9961946980917455
vn 0.9659258262890683 0.2588190451025207 6.938893903907228e-18
vn -0.022557566113149838 0.0841859828293692 0.9961946980917455
vn -0.9659258262890683 -0.2588190451025207 -6.938893903907228e-18
vn -0.25783416049629954 0.9622501868990583 -0.08715574274765817
vn 0.25783416049629954 -0.9622501868990583 0.08715574274765817
usemtl m_ee27c21f-fc23-74a4-9416-6d227d0c7f02
f 68/196/49 71/195/49 69/194/49 66/193/49
f 67/200/50 68/199/50 66/198/50 65/197/50
f 72/204/51 67/203/51 65/202/51 70/201/51
f 71/208/52 72/207/52 70/206/52 69/205/52
f 70/212/53 65/211/53 66/210/53 69/209/53
f 71/216/54 68/215/54 67/214/54 72/213/54
o Right Leg Layer
v 0.24738250282948387 0.7507702412232198 0.13872807093871956
v 0.2537268182988073 0.7270929335524596 -0.14145168789958387
v 0.44881544071721785 -0.0009877172916695487 0.2068184949603275
v 0.4551597561865412 -0.024665024962429637 -0.07336126387797592
v -0.017939820344993224 0.6543000771173757 -0.14145168789958387
v -0.024284135814316626 0.6779773847881359 0.13872807093871956
v 0.18349311754274075 -0.0974578813975136 -0.07336126387797592
v 0.17714880207341735 -0.07378057372675352 0.2068184949603275
vt 0.0625 0.4375
vt 0.125 0.4375
vt 0.125 0.25
vt 0.0625 0.25
vt 0 0.4375
vt 0.0625 0.4375
vt 0.0625 0.25
vt 0 0.25
vt 0.1875 0.4375
vt 0.25 0.4375
vt 0.25 0.25
vt 0.1875 0.25
vt 0.125 0.4375
vt 0.1875 0.4375
vt 0.1875 0.25
vt 0.125 0.25
vt 0.125 0.4375
vt 0.0625 0.4375
vt 0.0625 0.5
vt 0.125 0.5
vt 0.1875 0.5
vt 0.125 0.5
vt 0.125 0.4375
vt 0.1875 0.4375
vn 0.022557566113149838 -0.0841859828293692 -0.9961946980917455
vn 0.9659258262890683 0.2588190451025207 6.938893903907228e-18
vn -0.022557566113149838 0.0841859828293692 0.9961946980917455
vn -0.9659258262890683 -0.2588190451025207 -6.938893903907228e-18
vn -0.25783416049629954 0.9622501868990583 -0.08715574274765817
vn 0.25783416049629954 -0.9622501868990583 0.08715574274765817
usemtl m_ee27c21f-fc23-74a4-9416-6d227d0c7f02
f 76/220/55 79/219/55 77/218/55 74/217/55
f 75/224/56 76/223/56 74/222/56 73/221/56
f 80/228/57 75/227/57 73/226/57 78/225/57
f 79/232/58 80/231/58 78/230/58 77/229/58
f 78/236/59 73/235/59 74/234/59 77/233/59
f 79/240/60 76/239/60 75/238/60 80/237/60
o Left Leg
v 0.003404165735658715 1.0979243889342554 -0.10949397230226779
v 0.005297772517393329 1.1086635666490121 -0.35925602769773224
v -0.12670801157364922 0.3600215632491015 -0.14220851282626978
v -0.1248144047919146 0.3707607409638579 -0.39197056822173426
v -0.24090416573565865 1.1520756110657446 -0.35925602769773224
v -0.24279777251739332 1.1413364333509879 -0.10949397230226779
v -0.3710163430449666 0.4141727853805905 -0.39197056822173426
v -0.3729099498267012 0.4034336076658341 -0.14220851282626978
vt 0.3125 0.1875
vt 0.375 0.1875
vt 0.375 0
vt 0.3125 0
vt 0.25 0.1875
vt 0.3125 0.1875
vt 0.3125 0
vt 0.25 0
vt 0.4375 0.1875
vt 0.5 0.1875
vt 0.5 0
vt 0.4375 0
vt 0.375 0.1875
vt 0.4375 0.1875
vt 0.4375 0
vt 0.375 0
vt 0.375 0.1875
vt 0.3125 0.1875
vt 0.3125 0.25
vt 0.375 0.25
vt 0.4375 0.25
vt 0.375 0.25
vt 0.375 0.1875
vt 0.4375 0.1875
vn 0.007574427126938522 0.042956710859025644 -0.9990482215818578
vn 0.9848077530122081 -0.17364817766693036 -8.673617379884035e-19
vn -0.007574427126938522 -0.042956710859025644 0.9990482215818578
vn -0.9848077530122081 0.17364817766693036 8.673617379884035e-19
vn 0.1734829030790772 0.9838704342468719 0.043619387365336
vn -0.1734829030790772 -0.9838704342468719 -0.043619387365336
usemtl m_ee27c21f-fc23-74a4-9416-6d227d0c7f02
f 84/244/61 87/243/61 85/242/61 82/241/61
f 83/248/62 84/247/62 82/246/62 81/245/62
f 88/252/63 83/251/63 81/250/63 86/249/63
f 87/256/64 88/255/64 86/254/64 85/253/64
f 86/260/65 81/259/65 82/258/65 85/257/65
f 87/264/66 84/263/66 83/262/66 88/261/66
o Left Leg Layer
v 0.02138410681322661 1.1099129130861447 -0.0932022909124679
v 0.023514414442678044 1.1219944880152457 -0.3741846032323654
v -0.11414941121730247 0.34126413633077607 -0.12727993729163664
v -0.11201910358785101 0.353345711259877 -0.4082622496115341
v -0.25346276609200546 1.17083303798407 -0.3741846032323654
v -0.25559307372145695 1.158751463054969 -0.0932022909124679
v -0.38899628412253456 0.4021842612287012 -0.4082622496115341
v -0.391126591751986 0.3901026862996002 -0.12727993729163664
vt 0.0625 0.1875
vt 0.125 0.1875
vt 0.125 0
vt 0.0625 0
vt 0 0.1875
vt 0.0625 0.1875
vt 0.0625 0
vt 0 0
vt 0.1875 0.1875
vt 0.25 0.1875
vt 0.25 0
vt 0.1875 0
vt 0.125 0.1875
vt 0.1875 0.1875
vt 0.1875 0
vt 0.125 0
vt 0.125 0.1875
vt 0.0625 0.1875
vt 0.0625 0.25
vt 0.125 0.25
vt 0.1875 0.25
vt 0.125 0.25
vt 0.125 0.1875
vt 0.1875 0.1875
vn 0.007574427126938522 0.042956710859025644 -0.9990482215818578
vn 0.9848077530122081 -0.17364817766693036 -8.673617379884035e-19
vn -0.007574427126938522 -0.042956710859025644 0.9990482215818578
vn -0.9848077530122081 0.17364817766693036 8.673617379884035e-19
vn 0.1734829030790772 0.9838704342468719 0.043619387365336
vn -0.1734829030790772 -0.9838704342468719 -0.043619387365336
usemtl m_ee27c21f-fc23-74a4-9416-6d227d0c7f02
f 92/268/67 95/267/67 93/266/67 90/265/67
f 91/272/68 92/271/68 90/270/68 89/269/68
f 96/276/69 91/275/69 89/274/69 94/273/69
f 95/280/70 96/279/70 94/278/70 93/277/70
f 94/284/71 89/283/71 90/282/71 93/281/71
f 95/288/72 92/287/72 91/286/72 96/285/72